"glucose" <-
structure(list(Y = c(6.8, 9.9, 8.3, 10.9, 7, 8.8, 11.5, 9.9, 
9.5, 7, 13.5, 7.4, 10.8, 10.2, 6.2, 6.8, 8.3, 8.3, 8.3, 13.2, 
9, 12.9, 10, 6.9, 11.5, 10.2, 9.1, 9.7, 9.2, 8.8, 7.3, 5.9, 7.4, 
8.9, 6.4, 10.4, 9, 14.1, 11.7, 10.5, 9.2, 11.2, 10, 10.8, 7.6, 
8, 9.2, 7.4, 6.8, 8.5, 11, 11, 5.4, 8.7, 13, 10.2, 8.5, 11.3, 
13.6, 8, 8.7, 8.6, 11.7, 10.7, 8.5, 8.4, 7.8, 10.1), X = c(35, 
38, 42, 44, 38, 41, 40, 37, 30, 41, 35, 36, 34, 25, 41, 39, 40, 
35, 44, 11, 27, 16, 41, 39, 34, 42, 28, 27, 24, 44, 42, 42, 40, 
40, 37, 26, 30, 32, 42, 42, 34, 41, 24, 21, 31, 42, 28, 26, 42, 
44, 42, 37, 38, 35, 34, 26, 38, 35, 34, 35, 42, 46, 45, 26, 37, 
33, 39, 31), Z = c(22, 28, 20, 15, 15, 28, 12, 21, 23, 19, 21, 
18, 15, 24, 18, 19, 14, 17, 8, 21, 33, 28, 15, 22, 17, 17, 21, 
30, 22, 11, 17, 12, 15, 27, 14, 31, 28, 15, 14, 15, 14, 21, 13, 
25, 21, 16, 23, 17, 16, 14, 14, 12, 13, 23, 18, 20, 16, 25, 20, 
19, 20, 10, 18, 22, 22, 11, 25, 24), U = c(32, 30, 20, 22, 25, 
35, 39, 24, 31, 26, 24, 29, 27, 31, 17, 28, 22, 25, 14, 18, 30, 
26, 22, 25, 21, 25, 29, 42, 17, 11, 25, 31, 14, 30, 29, 29, 28, 
27, 23, 22, 13, 24, 33, 34, 21, 23, 28, 22, 32, 18, 8, 14, 17, 
34, 20, 30, 13, 29, 24, 24, 17, 8, 17, 24, 27, 18, 18, 31), V = c(35, 
37, 38, 44, 44, 48, 42, 42, 43, 45, 45, 44, 48, 41, 47, 37, 44, 
44, 48, 45, 27, 37, 40, 38, 42, 38, 44, 46, 46, 46, 47, 46, 47, 
44, 34, 43, 43, 47, 40, 44, 45, 38, 39, 38, 39, 34, 35, 38, 43, 
41, 45, 48, 40, 27, 37, 42, 45, 39, 38, 40, 35, 47, 38, 37, 38, 
39, 36, 47), W = c(3.08333333333, 8.75, 5, 15.4166666667, 5, 
17, 0.666666666667, 0.75, 17, 5, 0.0833333333333, 20, 0.416666666667, 
12.0833333333, 1.5, 8, 1.33333333333, 20, 1.5, 8, 11.6666666667, 
7, 0, 10, 11.25, 10, 24, 20, 18, 5, 17.5, 0.666666666667, 16.25, 
21.25, 0.416666666667, 6.25, 20, 5, 7, 9, 20, 11.6666666667, 
16.6666666667, 2.08333333333, 15, 14.1666666667, 6.25, 9.16666666667, 
18, 15, 14.1666666667, 5, 10, 7.08333333333, 0.25, 10, 7.08333333333, 
12.0833333333, 9.16666666667, 10, 8.33333333333, 0.166666666667, 
18.3333333333, 10, 22.5, 20.8333333333, 20, 21.6666666667), A = structure(c(2, 
2, 2, 1, 2, 2, 1, 1, 1, 2, 1, 2, 1, 2, 2, 1, 2, 1, 2, 1, 1, 1, 
2, 1, 2, 2, 1, 1, 1, 2, 1, 2, 1, 1, 2, 1, 1, 1, 1, 2, 2, 1, 1, 
1, 1, 1, 1, 2, 1, 2, 1, 1, 2, 2, 1, 2, 2, 1, 2, 2, 1, 2, 2, 1, 
1, 1, 2, 1), .Label = c("1", "2"), class = "factor"), B = structure(c(2, 
1, 2, 1, 1, 1, 2, 1, 1, 2, 2, 2, 2, 1, 1, 2, 2, 1, 2, 1, 2, 2, 
1, 2, 1, 2, 1, 1, 2, 2, 1, 1, 2, 2, 1, 1, 2, 1, 1, 1, 1, 1, 1, 
1, 2, 2, 2, 2, 2, 1, 2, 1, 1, 2, 2, 1, 2, 2, 2, 1, 1, 1, 2, 1, 
2, 2, 2, 2), .Label = c("1", "2"), class = "factor")), .Names = c("Y", 
"X", "Z", "U", "V", "W", "A", "B"), class = "data.frame", row.names = c("1", 
"2", "3", "4", "5", "6", "7", "8", "9", "10", "11", "12", "13", 
"14", "15", "16", "17", "18", "19", "20", "21", "22", "23", "24", 
"25", "26", "27", "28", "29", "30", "31", "32", "33", "34", "35", 
"36", "37", "38", "39", "40", "41", "42", "43", "44", "45", "46", 
"47", "48", "49", "50", "51", "52", "53", "54", "55", "56", "57", 
"58", "59", "60", "61", "62", "63", "64", "65", "66", "67", "68"
))
