"glucose" <-
structure(list(Y = c(6.8, 9.9, 8.3, 10.9, 7, 8.8, 11.5, 9.9, 
9.5, 7, 13.5, 7.4, 10.8, 10.2, 6.2, 6.8, 8.3, 8.3, 8.3, 13.2, 
9, 12.9, 10, 6.9, 11.5, 10.2, 9.1, 9.7, 9.2, 8.8, 7.3, 5.9, 7.4, 
8.9, 6.4, 10.4, 9, 14.1, 11.7, 10.5, 9.2, 11.2, 10, 10.8, 7.6, 
8, 9.2, 7.4, 6.8, 8.5, 11, 11, 5.4, 8.7, 13, 10.2, 8.5, 11.3, 
13.6, 8, 8.7, 8.6, 11.7, 10.7, 8.5, 8.4, 7.8, 10.1), X = c(35L, 
38L, 42L, 44L, 38L, 41L, 40L, 37L, 30L, 41L, 35L, 36L, 34L, 25L, 
41L, 39L, 40L, 35L, 44L, 11L, 27L, 16L, 41L, 39L, 34L, 42L, 28L, 
27L, 24L, 44L, 42L, 42L, 40L, 40L, 37L, 26L, 30L, 32L, 42L, 42L, 
34L, 41L, 24L, 21L, 31L, 42L, 28L, 26L, 42L, 44L, 42L, 37L, 38L, 
35L, 34L, 26L, 38L, 35L, 34L, 35L, 42L, 46L, 45L, 26L, 37L, 33L, 
39L, 31L), Z = c(22L, 28L, 20L, 15L, 15L, 28L, 12L, 21L, 23L, 
19L, 21L, 18L, 15L, 24L, 18L, 19L, 14L, 17L, 8L, 21L, 33L, 28L, 
15L, 22L, 17L, 17L, 21L, 30L, 22L, 11L, 17L, 12L, 15L, 27L, 14L, 
31L, 28L, 15L, 14L, 15L, 14L, 21L, 13L, 25L, 21L, 16L, 23L, 17L, 
16L, 14L, 14L, 12L, 13L, 23L, 18L, 20L, 16L, 25L, 20L, 19L, 20L, 
10L, 18L, 22L, 22L, 11L, 25L, 24L), U = c(32L, 30L, 20L, 22L, 
25L, 35L, 39L, 24L, 31L, 26L, 24L, 29L, 27L, 31L, 17L, 28L, 22L, 
25L, 14L, 18L, 30L, 26L, 22L, 25L, 21L, 25L, 29L, 42L, 17L, 11L, 
25L, 31L, 14L, 30L, 29L, 29L, 28L, 27L, 23L, 22L, 13L, 24L, 33L, 
34L, 21L, 23L, 28L, 22L, 32L, 18L, 8L, 14L, 17L, 34L, 20L, 30L, 
13L, 29L, 24L, 24L, 17L, 8L, 17L, 24L, 27L, 18L, 18L, 31L), V = c(35L, 
37L, 38L, 44L, 44L, 48L, 42L, 42L, 43L, 45L, 45L, 44L, 48L, 41L, 
47L, 37L, 44L, 44L, 48L, 45L, 27L, 37L, 40L, 38L, 42L, 38L, 44L, 
46L, 46L, 46L, 47L, 46L, 47L, 44L, 34L, 43L, 43L, 47L, 40L, 44L, 
45L, 38L, 39L, 38L, 39L, 34L, 35L, 38L, 43L, 41L, 45L, 48L, 40L, 
27L, 37L, 42L, 45L, 39L, 38L, 40L, 35L, 47L, 38L, 37L, 38L, 39L, 
36L, 47L), W = c(3.08333333, 8.75, 5, 15.41666667, 5, 17, 0.66666667, 
0.75, 17, 5, 0.08333333, 20, 0.41666667, 12.08333333, 1.5, 8, 
1.33333333, 20, 1.5, 8, 11.66666667, 7, 0, 10, 11.25, 10, 24, 
20, 18, 5, 17.5, 0.66666667, 16.25, 21.25, 0.41666667, 6.25, 
20, 5, 7, 9, 20, 11.66666667, 16.66666667, 2.08333333, 15, 14.16666667, 
6.25, 9.16666667, 18, 15, 14.16666667, 5, 10, 7.08333333, 0.25, 
10, 7.08333333, 12.08333333, 9.16666667, 10, 8.33333333, 0.16666667, 
18.33333333, 10, 22.5, 20.83333333, 20, 21.66666667), A = c(1L, 
1L, 1L, -1L, 1L, 1L, -1L, -1L, -1L, 1L, -1L, 1L, -1L, 1L, 1L, 
-1L, 1L, -1L, 1L, -1L, -1L, -1L, 1L, -1L, 1L, 1L, -1L, -1L, -1L, 
1L, -1L, 1L, -1L, -1L, 1L, -1L, -1L, -1L, -1L, 1L, 1L, -1L, -1L, 
-1L, -1L, -1L, -1L, 1L, -1L, 1L, -1L, -1L, 1L, 1L, -1L, 1L, 1L, 
-1L, 1L, 1L, -1L, 1L, 1L, -1L, -1L, -1L, 1L, -1L), B = c(1L, 
-1L, 1L, -1L, -1L, -1L, 1L, -1L, -1L, 1L, 1L, 1L, 1L, -1L, -1L, 
1L, 1L, -1L, 1L, -1L, 1L, 1L, -1L, 1L, -1L, 1L, -1L, -1L, 1L, 
1L, -1L, -1L, 1L, 1L, -1L, -1L, 1L, -1L, -1L, -1L, -1L, -1L, 
-1L, -1L, 1L, 1L, 1L, 1L, 1L, -1L, 1L, -1L, -1L, 1L, 1L, -1L, 
1L, 1L, 1L, -1L, -1L, -1L, 1L, -1L, 1L, 1L, 1L, 1L)), .Names = c("Y", 
"X", "Z", "U", "V", "W", "A", "B"), class = "data.frame", row.names = c(NA, 
-68L))